
  [ 0]:   1(0.1),   4(3.2),  12(1.5),
  [ 1]:   0(0.1),   2(0.5),   4(0.2),
  [ 2]:   1(0.5),   3(0.2),   5(3.2),
  [ 3]:   2(0.2),   5(0.5),  15(3.2),
  [ 4]:   0(3.2),   1(0.2),   5(3.2),   6(0.5),
  [ 5]:   2(3.2),   3(0.5),   4(3.2),   7(3.2),
  [ 6]:   4(0.5),   7(0.2),   8(0.5),
  [ 7]:   5(3.2),   6(0.2),   9(0.2),
  [ 8]:   6(0.5),   9(3.2),  10(0.5),
  [ 9]:   7(0.2),   8(3.2),  11(0.5),
  [10]:   8(0.5),  11(0.2),  12(0.2),  13(3.2),
  [11]:   9(0.5),  10(0.2),  14(0.2),  15(3.2),
  [12]:   0(1.5),  10(0.2),  13(3.2),
  [13]:  10(3.2),  12(3.2),  14(3.2),
  [14]:  11(0.2),  13(3.2),  15(0.5),
  [15]:   3(3.2),  11(3.2),  14(0.5),

Printing out MST using KRUSKAL's algorithm:
  [ 0]:   1(0.1),
  [ 1]:   0(0.1),   2(0.5),   4(0.2),
  [ 2]:   1(0.5),   3(0.2),
  [ 3]:   2(0.2),   5(0.5),
  [ 4]:   1(0.2),   6(0.5),
  [ 5]:   3(0.5),
  [ 6]:   4(0.5),   7(0.2),   8(0.5),
  [ 7]:   6(0.2),   9(0.2),
  [ 8]:   6(0.5),
  [ 9]:   7(0.2),  11(0.5),
  [10]:  11(0.2),  12(0.2),
  [11]:   9(0.5),  10(0.2),  14(0.2),
  [12]:  10(0.2),  13(3.2),
  [13]:  12(3.2),
  [14]:  11(0.2),  15(0.5),
  [15]:  14(0.5),
